Наименование КП	Параметр	Единица измерения	2050	2051	2052	2053	2054	2055	2056	2057	2058	2059	2060	2061	2062	2063	2064	2065	2066	2067	2068	2069	2070	2071
КП1	добыча_нефти_массовая	тыс.т/год	0,02739262432	0,0212889428	0,01736939991	0,01454008105	0,01249308553	0,0109259754	0,009717756446	0,008691908487	0,007870020634	0,007182245079	0,006617424459	0,006097982637	0,005663751395	0,00528388208	0,004962842252	0,004651588606	0,004385919547	0,00414723323	0,003942682445	0,003736165119	0,003558030655	0,00336437491
КП1	добыча_жидкости_массовая	тыс.т/год	0,03766800317	0,02935732983	0,02395609641	0,0200311448	0,01718024974	0,01499312908	0,0133044833	0,01187173095	0,01072350148	0,009763180905	0,008974467739	0,008251151452	0,007646578774	0,007118310131	0,006671793411	0,006240599096	0,005872531137	0,00554227323	0,005259096685	0,004974585952	0,004729064648	0,004504808867
КП1	добыча_газа_объемная	млн.м3/год	0,02314859237	0,01950178004	0,01681174137	0,01469094704	0,01307218521	0,01174681159	0,01065504287	0,009693948974	0,008910686079	0,008242577302	0,007687575514	0,007163422581	0,006721074568	0,006310952687	0,005946218857	0,00558945988	0,0052845611	0,005009768332	0,004774183097	0,004534483333	0,004327671796	0,004100537993
КП1	закачка_воды_объемная	тыс.м3/год	0,03766800317	0,02935732983	0,02395609641	0,0200311448	0,01718024974	0,01499312908	0,0133044833	0,01187173095	0,01072350148	0,009763180905	0,008974467739	0,008251151452	0,007646578774	0,007118310131	0,006671793411	0,006240599096	0,005872531137	0,00554227323	0,005259096685	0,004974585952	0,004729064648	0,004504808867
КП2	добыча_нефти_массовая	тыс.т/год	0,02843279135	0,02532291873	0,0228591417	0,02070023145	0,01893928446	0,01743908595	0,01619216186	0,01502239474	0,01403602745	0,01316411145	0,01242288507	0,01169350584	0,01106819714	0,01050255668	0,01001647359	0,009494491681	0,008788655245	0,007862310432	0,006993221256	0,006184712438	0,005485347857	0,00446538125
КП2	добыча_жидкости_массовая	тыс.т/год	0,03898342887	0,03463850521	0,03119391273	0,02818040361	0,02572236097	0,02363010048	0,02189100617	0,02026481553	0,01889373476	0,01768324386	0,0166539347	0,01564541246	0,01478062596	0,01399937313	0,01332753432	0,01264443038	0,01205359572	0,01151132663	0,01104269896	0,01055093054	0,01012392314	0,008946031629
КП2	добыча_газа_объемная	млн.м3/год	0,03079091075	0,02794369301	0,02563954242	0,02355782679	0,02183659994	0,02034575446	0,01909523937	0,01787185001	0,01678379678	0,01579018883	0,01494324673	0,01410335349	0,01338265309	0,01272883005	0,0121669469	0,01155745214	0,01071933785	0,00960682056	0,008558700137	0,007580052247	0,006731429361	0,005486046692
КП2	закачка_воды_объемная	тыс.м3/год	0,03898342887	0,03463850521	0,03119391273	0,02818040361	0,02572236097	0,02363010048	0,02189100617	0,02026481553	0,01889373476	0,01768324386	0,0166539347	0,01564541246	0,01478062596	0,01399937313	0,01332753432	0,01264443038	0,01205359572	0,01151132663	0,01104269896	0,01055093054	0,01012392314	0,008946031629
КП3	добыча_нефти_массовая	тыс.т/год	0,02299968366	0,02127860124	0,01983912523	0,018473301	0,01731639161	0,01628782207	0,01541076475	0,01454020009	0,01379214101	0,01311286735	0,01250990559	0,01162256498	0,01043216599	0,009252501217	0,008229742229	0,007278275242	0,006455251056	0,005725294086	0,004594796391	0,0032084338	0,001711241509	0,0005308063993
КП3	добыча_жидкости_массовая	тыс.т/год	0,03117550265	0,02877723461	0,02677128516	0,02487461539	0,02326816264	0,02184172445	0,02062500121	0,01942268652	0,01838927897	0,01745210867	0,01664500249	0,01581853786	0,01510288346	0,01444424928	0,01387477915	0,01327345867	0,01275111416	0,01226513745	0,01059701108	0,007934220124	0,004592044579	0,001513314061
КП3	добыча_газа_объемная	млн.м3/год	0,02678758188	0,0250550674	0,02357660865	0,02207804678	0,02076163767	0,01958425239	0,01857938944	0,01757421519	0,01670990149	0,01592288982	0,01522327526	0,01417174156	0,01274359169	0,01132116449	0,01008440676	0,00893004612	0,007929300121	0,007039784952	0,005654344205	0,003951002609	0,002108792786	0,0006544303918
КП3	закачка_воды_объемная	тыс.м3/год	0,03117550265	0,02877723461	0,02677128516	0,02487461539	0,02326816264	0,02184172445	0,02062500121	0,01942268652	0,01838927897	0,01745210867	0,01664500249	0,01581853786	0,01510288346	0,01444424928	0,01387477915	0,01327345867	0,01275111416	0,01226513745	0,01059701108	0,007934220124	0,004592044579	0,001513314061
КП4	добыча_нефти_массовая	тыс.т/год	0,1331651979	0,08299622889	0,06001912644	0,04649211097	0,0378359639	0,03178358462	0,02740348349	0,02390977285	0,02121543928	0,01903840375	0,01729385919	0,01574333705	0,01446893466	0,01337462391	0,01246036791	0,01159470973	0,01086205014	0,01021135181	0,009656801402	0,009107257579	0,008635237754	0,00820692588
КП4	добыча_жидкости_массовая	тыс.т/год	0,1757722687	0,1129931815	0,08250541609	0,06410143276	0,05217674953	0,04378089286	0,03767971653	0,03280551444	0,02904162936	0,02599960511	0,02356084778	0,02139761412	0,01961974015	0,0180945926	0,01682033644	0,01561797019	0,01460041017	0,01369782099	0,01292835641	0,01216922067	0,01151700864	0,01092595569
КП4	добыча_газа_объемная	млн.м3/год	0,07906496011	0,06183884777	0,05072772436	0,0426175559	0,03667326084	0,03215729199	0,02870396849	0,02572183159	0,02328245558	0,02125050039	0,01959518861	0,01808032271	0,01682010768	0,01572115201	0,01478972321	0,01384846305	0,01301677606	0,01227234887	0,01163731144	0,0110031176	0,01045799698	0,009961971507
КП4	закачка_воды_объемная	тыс.м3/год	0,1757722687	0,1129931815	0,08250541609	0,06410143276	0,05217674953	0,04378089286	0,03767971653	0,03280551444	0,02904162936	0,02599960511	0,02356084778	0,02139761412	0,01961974015	0,0180945926	0,01682033644	0,01561797019	0,01460041017	0,01369782099	0,01292835641	0,01216922067	0,01151700864	0,01092595569
КП5	добыча_нефти_массовая	тыс.т/год	0,3813142721	0,2084980308	0,1435782887	0,1087982313	0,08746114855	0,07290331341	0,06252481009	0,05434482037	0,04808202228	0,04305136448	0,0390365093	0,03548464629	0,03257267515	0,03007839026	0,02799790213	0,02603318855	0,02437219473	0,02289897362	0,02164437097	0,02040336763	0,01933800835	0,0183720919
КП5	добыча_жидкости_массовая	тыс.т/год	0,4879287539	0,2806522702	0,1967185007	0,1498460395	0,120582161	0,1004336638	0,08599541761	0,07459046223	0,06584446201	0,05881591933	0,05320357229	0,04824765793	0,04418474221	0,04070787116	0,03780768061	0,03507817399	0,03277080706	0,03072685267	0,02898568975	0,02727098112	0,02579860885	0,02446540126
КП5	добыча_газа_объемная	млн.м3/год	0,2014623982	0,1444267169	0,1171060583	0,09765378693	0,08368145682	0,07307827541	0,06500147851	0,05812459466	0,05256688061	0,04790518116	0,04411356182	0,04065746575	0,03778797623	0,03528994219	0,03316254966	0,03104669938	0,02919125648	0,02750839625	0,02607253926	0,02464117888	0,02341145836	0,02229336885
КП5	закачка_воды_объемная	тыс.м3/год	0,4879287539	0,2806522702	0,1967185007	0,1498460395	0,120582161	0,1004336638	0,08599541761	0,07459046223	0,06584446201	0,05881591933	0,05320357229	0,04824765793	0,04418474221	0,04070787116	0,03780768061	0,03507817399	0,03277080706	0,03072685267	0,02898568975	0,02727098112	0,02579860885	0,02446540126
КП6	добыча_нефти_массовая	тыс.т/год	0,1284312614	0,3547262884	0,483312425	0,3468649722	0,1861967647	0,1267919609	0,09620879036	0,07686812235	0,06392952081	0,05457750968	0,04764790733	0,04199088624	0,03756434685	0,03393959615	0,03100728088	0,02836694866	0,02618237803	0,02429290215	0,02270711712	0,02119182474	0,01990501158	0,0187569534
КП6	добыча_жидкости_массовая	тыс.т/год	0,1519724569	0,4285595907	0,5934489691	0,4422687697	0,2502742768	0,1736401433	0,1324913006	0,1059825714	0,08808236165	0,07507748764	0,06541142081	0,05751484269	0,05133032944	0,04626640979	0,04216868259	0,03848748546	0,03544206679	0,03281081537	0,03060232995	0,02849971746	0,02671418989	0,02512322831
КП6	добыча_газа_объемная	млн.м3/год	0,05304211096	0,1488771114	0,2169956367	0,1797123212	0,1272740396	0,1025880004	0,08586888117	0,0732468535	0,06387395674	0,05659502023	0,0508596975	0,0458350689	0,0417416304	0,03830678164	0,03548712711	0,03287531325	0,03069072342	0,02875479309	0,02706892888	0,02537513031	0,0239058347	0,02258917424
КП6	закачка_воды_объемная	тыс.м3/год	0,1519724569	0,4285595907	0,5934489691	0,4422687697	0,2502742768	0,1736401433	0,1324913006	0,1059825714	0,08808236165	0,07507748764	0,06541142081	0,05751484269	0,05133032944	0,04626640979	0,04216868259	0,03848748546	0,03544206679	0,03281081537	0,03060232995	0,02849971746	0,02671418989	0,02512322831
КП7	добыча_нефти_массовая	тыс.т/год	0,3433456925	0,180116265	0,1096315056	0,07801520105	0,06037732376	0,04904357167	0,04127742308	0,03536394486	0,03093469879	0,0274437566	0,02469523487	0,02230414722	0,02036163794	0,01871337675	0,01734702725	0,0160708983	0,0149968741	0,01404963884	0,01324540424	0,01245660056	0,0117809846	0,01117073842
КП7	добыча_жидкости_массовая	тыс.т/год	0,4243531442	0,2357734317	0,1488835528	0,1071628101	0,08322154119	0,06762356164	0,05685462642	0,04862317842	0,0424427194	0,03756641724	0,03372390588	0,03038579267	0,02767373476	0,02537434388	0,0234681465	0,02169342096	0,02019994577	0,01888438826	0,01776718851	0,01667603897	0,01574131133	0,01489811901
КП7	добыча_газа_объемная	млн.м3/год	0,1559334962	0,1036975249	0,08051720291	0,06554379699	0,05517130924	0,047473277	0,04173108914	0,0370174708	0,03326067552	0,03011594433	0,02756435725	0,02527376831	0,02338587726	0,02175621527	0,02039217232	0,0190697591	0,01790781051	0,01683737996	0,01591938725	0,01501198392	0,01423402324	0,01352925556
КП7	закачка_воды_объемная	тыс.м3/год	0,4243531442	0,2357734317	0,1488835528	0,1071628101	0,08322154119	0,06762356164	0,05685462642	0,04862317842	0,0424427194	0,03756641724	0,03372390588	0,03038579267	0,02767373476	0,02537434388	0,0234681465	0,02169342096	0,02019994577	0,01888438826	0,01776718851	0,01667603897	0,01574131133	0,01489811901
КП8	добыча_нефти_массовая	тыс.т/год	0,2861655759	0,1680827007	0,118822902	0,09118117402	0,07385173554	0,06186938742	0,05325349824	0,04641295755	0,04115191833	0,03690959884	0,03351470157	0,03050128723	0,02802635792	0,02590254746	0,02412897078	0,02245054238	0,02103037397	0,01976940949	0,01869495816	0,01763046615	0,01671624961	0,01588678871
КП8	добыча_жидкости_массовая	тыс.т/год	0,3714646178	0,2275623368	0,1630697	0,1256421586	0,1018208328	0,08521696186	0,0732227187	0,063682187	0,05633400008	0,05040666453	0,04566106805	0,04145692167	0,03800423983	0,03504424726	0,032572272	0,03024095662	0,02826850924	0,02651938335	0,02502850703	0,02355800157	0,0222947667	0,02115012899
КП8	добыча_газа_объемная	млн.м3/год	0,1598926019	0,1211703422	0,09895548094	0,08291364759	0,07128748522	0,062433625	0,05565459234	0,04984274827	0,04512774936	0,04117660521	0,03795957123	0,03501844908	0,03257307847	0,0304407853	0,02861850175	0,02679877619	0,02520130525	0,02375906128	0,02252877193	0,02130039569	0,02024466096	0,01928411719
КП8	закачка_воды_объемная	тыс.м3/год	0,3714646178	0,2275623368	0,1630697	0,1256421586	0,1018208328	0,08521696186	0,0732227187	0,063682187	0,05633400008	0,05040666453	0,04566106805	0,04145692167	0,03800423983	0,03504424726	0,032572272	0,03024095662	0,02826850924	0,02651938335	0,02502850703	0,02355800157	0,0222947667	0,02115012899
КП9	добыча_нефти_массовая	тыс.т/год	0,4206974932	0,245747692	0,1404334485	0,09694898305	0,07381148689	0,0593324094	0,04957383891	0,04224223174	0,03679735348	0,03253630751	0,02919840952	0,0263117107	0,02397433973	0,02199761432	0,02036261511	0,01884124345	0,01756285282	0,01643755297	0,01548316379	0,01454968228	0,01375079352	0,01303011314
КП9	добыча_жидкости_массовая	тыс.т/год	0,5153076576	0,3169569208	0,1896311785	0,1329340865	0,1016912031	0,08181820334	0,0683070509	0,05810975592	0,05051538396	0,04456443857	0,03989816994	0,03586765181	0,03260373575	0,02984549669	0,02756396908	0,02544750929	0,02366930401	0,02210594076	0,02077975792	0,01948801095	0,01838236146	0,01738624439
КП9	добыча_газа_объемная	млн.м3/год	0,1853488702	0,1312278725	0,09826137712	0,07920676934	0,06622223138	0,05668824678	0,04960625619	0,0438586157	0,03931995298	0,0355328551	0,0324543355	0,02970383971	0,02744292682	0,02549680369	0,02387091265	0,02230934224	0,02094453247	0,01968354246	0,01859531447	0,01752240819	0,01660323046	0,0157715462
КП9	закачка_воды_объемная	тыс.м3/год	0,5153076576	0,3169569208	0,1896311785	0,1329340865	0,1016912031	0,08181820334	0,0683070509	0,05810975592	0,05051538396	0,04456443857	0,03989816994	0,03586765181	0,03260373575	0,02984549669	0,02756396908	0,02544750929	0,02366930401	0,02210594076	0,02077975792	0,01948801095	0,01838236146	0,01738624439
КП10	добыча_нефти_массовая	тыс.т/год	0,01025718634	0,009153719109	0,008141879362	0,007200570483	0,006386333118	0,005392171476	0,004178435798	0,003224204607	0,002053201235	0,0003086265524	0	0	0	0	0	0	0	0	0	0	0	0
КП10	добыча_жидкости_массовая	тыс.т/год	0,01414033895	0,01350663619	0,01295895424	0,01238378684	0,0118843353	0,01083372103	0,009120255451	0,007594726192	0,005176441539	0,0008475491214	0	0	0	0	0	0	0	0	0	0	0	0
КП10	добыча_газа_объемная	млн.м3/год	0,012512902	0,011186745	0,009966050893	0,008826321002	0,007838048486	0,006624952773	0,005138872251	0,003968545604	0,002528840894	0,0003803986953	0	0	0	0	0	0	0	0	0	0	0	0
КП10	закачка_воды_объемная	тыс.м3/год	0,01414033895	0,01350663619	0,01295895424	0,01238378684	0,0118843353	0,01083372103	0,009120255451	0,007594726192	0,005176441539	0,0008475491214	0	0	0	0	0	0	0	0	0	0	0	0
КП11	добыча_нефти_массовая	тыс.т/год	0,1547393576	0,09409280546	0,0672267433	0,05170974517	0,04188709078	0,03507038372	0,030162399	0,02626604159	0,02327009504	0,02085571175	0,01892458414	0,01721236202	0,01580684413	0,01460156438	0,01359546702	0,01264438755	0,01183993743	0,01112606074	0,0105179237	0,009916029364	0,009399209019	0,008930501102
КП11	добыча_жидкости_массовая	тыс.т/год	0,2030122034	0,1278477911	0,09235250758	0,07128421512	0,05776763619	0,04831746298	0,04148348565	0,03604845402	0,031863527	0,02848984549	0,02579015565	0,02340108632	0,02144008001	0,0197600589	0,01835762111	0,01703639494	0,01591895583	0,01492857517	0,01408463408	0,01325303762	0,01253880766	0,01189190602
КП11	добыча_газа_объемная	млн.м3/год	0,08861831956	0,06873058716	0,05612769197	0,04701599962	0,04035939403	0,03531409304	0,0314727017	0,02817731268	0,0254800162	0,02323291262	0,02140507198	0,01973599714	0,01834891079	0,01714071537	0,01612006362	0,01509416932	0,01418337663	0,01336701943	0,01267088824	0,01197654897	0,0113799023	0,01083727749
КП11	закачка_воды_объемная	тыс.м3/год	0,2030122034	0,1278477911	0,09235250758	0,07128421512	0,05776763619	0,04831746298	0,04148348565	0,03604845402	0,031863527	0,02848984549	0,02579015565	0,02340108632	0,02144008001	0,0197600589	0,01835762111	0,01703639494	0,01591895583	0,01492857517	0,01408463408	0,01325303762	0,01253880766	0,01189190602
КП12	добыча_нефти_массовая	тыс.т/год	0,4790570575	0,2846282993	0,1680023637	0,1181769621	0,09104873358	0,07379711614	0,06203799899	0,05311352383	0,04644139047	0,04118935146	0,03705765237	0,03346569848	0,03054878303	0,02807449841	0,02602385438	0,02410899137	0,02249758796	0,02107655059	0,01987013328	0,01868692073	0,01767353662	0,01675823026
КП12	добыча_жидкости_массовая	тыс.т/год	0,5924426473	0,3695504184	0,2274730424	0,162191064	0,1254589297	0,101742175	0,08544517146	0,07302589508	0,06371720701	0,05638156903	0,05060563775	0,04559117621	0,04151875717	0,03806706366	0,03520622248	0,03254321352	0,03030249697	0,02832891013	0,02665302369	0,02501629686	0,02361426647	0,02234957118
КП12	добыча_газа_объемная	млн.м3/год	0,220792412	0,159546859	0,1213686195	0,09859956506	0,08289905448	0,07131011485	0,0626564544	0,05554852363	0,0498990579	0,04518960612	0,04135817095	0,03791883407	0,03508495869	0,03263925711	0,0305912962	0,02859993517	0,02685730742	0,02525874512	0,02388191676	0,02252081908	0,02135393322	0,02029685849
КП12	закачка_воды_объемная	тыс.м3/год	0,5924426473	0,3695504184	0,2274730424	0,162191064	0,1254589297	0,101742175	0,08544517146	0,07302589508	0,06371720701	0,05638156903	0,05060563775	0,04559117621	0,04151875717	0,03806706366	0,03520622248	0,03254321352	0,03030249697	0,02832891013	0,02665302369	0,02501629686	0,02361426647	0,02234957118
КП13	добыча_нефти_массовая	тыс.т/год	0,02180477221	0,02065531738	0,01966886046	0,01866408834	0,01758582684	0,01610972915	0,01440738801	0,01274170351	0,01130087724	0,01002297898	0,008915052421	0,007884354517	0,006992795151	0,005477674535	0,003640094837	0,001728910356	0,0002244868783	0	0	0	0	0
КП13	добыча_жидкости_массовая	тыс.т/год	0,02915615749	0,02756712982	0,02620259703	0,02482339653	0,02363181182	0,02254077313	0,02159841212	0,02061459984	0,01976072065	0,01896932868	0,01828468479	0,01754911945	0,01690983091	0,01426477207	0,01015912715	0,005128899799	0,0006826811448	0	0	0	0	0
КП13	добыча_газа_объемная	млн.м3/год	0,02631947013	0,02499346551	0,02385525147	0,02268670019	0,02142026268	0,01965970558	0,01761291667	0,01560095394	0,01385591677	0,01230412969	0,01095589601	0,009698562805	0,008609171364	0,006748386761	0,004487053502	0,00213216037	0,0002768955371	0	0	0	0	0
КП13	закачка_воды_объемная	тыс.м3/год	0,02915615749	0,02756712982	0,02620259703	0,02482339653	0,02363181182	0,02254077313	0,02159841212	0,02061459984	0,01976072065	0,01896932868	0,01828468479	0,01754911945	0,01690983091	0,01426477207	0,01015912715	0,005128899799	0,0006826811448	0	0	0	0	0
КП14	добыча_нефти_массовая	тыс.т/год	0,01655508174	0,01488669441	0,0135455851	0,01234887809	0,01136322364	0,01051499674	0,009805334778	0,009131632017	0,008560853731	0,008053261025	0,007620376114	0,007190539002	0,006821149527	0,006485671628	0,006193815249	0,005757280917	0,005148781921	0,00456655991	0,004061778545	0,003592183254	0,001927709714	0
КП14	добыча_жидкости_массовая	тыс.т/год	0,02265149448	0,02032021892	0,01844555153	0,01677621872	0,01540141511	0,01421948195	0,01323058299	0,01229507871	0,01150254553	0,01079863778	0,01019812968	0,009604520334	0,009094248688	0,008631421259	0,008232799276	0,007824502209	0,007470929956	0,007145492779	0,006864105006	0,006566909716	0,003730085069	0
КП14	добыча_газа_объемная	млн.м3/год	0,01823366406	0,0166691165	0,01539141744	0,01421789667	0,01324001824	0,01238566655	0,01165844954	0,01091559202	0,01026509939	0,009683992027	0,009187969097	0,008691613648	0,00826477445	0,007876050245	0,007537738667	0,007020534073	0,006290039212	0,005587904792	0,004977428909	0,004407634651	0,002367297154	0
КП14	закачка_воды_объемная	тыс.м3/год	0,02265149448	0,02032021892	0,01844555153	0,01677621872	0,01540141511	0,01421948195	0,01323058299	0,01229507871	0,01150254553	0,01079863778	0,01019812968	0,009604520334	0,009094248688	0,008631421259	0,008232799276	0,007824502209	0,007470929956	0,007145492779	0,006864105006	0,006566909716	0,003730085069	0
КП15	добыча_нефти_массовая	тыс.т/год	0,3288350362	0,3728894508	0,1896121287	0,1151754532	0,08230917638	0,06369598614	0,05187438681	0,04338947664	0,03726845471	0,03259023481	0,028986873	0,02592902058	0,02347991249	0,02143073504	0,0197480591	0,01820037394	0,01690657343	0,01577464964	0,01481800545	0,01389027174	0,01309837985	0,01238683285
КП15	добыча_жидкости_массовая	тыс.т/год	0,3954281645	0,460437323	0,2486009394	0,1564960181	0,1130777517	0,08780284864	0,07153180054	0,05976786777	0,0512455802	0,04471760351	0,03968197089	0,03541153365	0,03199016687	0,02912909831	0,02677951332	0,0246244812	0,02282322355	0,02124917386	0,01991868462	0,0186335178	0,0175364541	0,01655197231
КП15	добыча_газа_объемная	млн.м3/год	0,1368922419	0,1677306359	0,109453662	0,0846900718	0,06912359427	0,05816573856	0,05016866014	0,04383240878	0,03898828025	0,03502518021	0,03179294123	0,02892862931	0,02659470827	0,02460398923	0,02295036231	0,02138831813	0,02005927182	0,01883576307	0,01775633118	0,01669286472	0,01578395816	0,01496470062
КП15	закачка_воды_объемная	тыс.м3/год	0,3954281645	0,460437323	0,2486009394	0,1564960181	0,1130777517	0,08780284864	0,07153180054	0,05976786777	0,0512455802	0,04471760351	0,03968197089	0,03541153365	0,03199016687	0,02912909831	0,02677951332	0,0246244812	0,02282322355	0,02124917386	0,01991868462	0,0186335178	0,0175364541	0,01655197231
КП16	добыча_нефти_массовая	тыс.т/год	0,01238443874	0,01162529026	0,01058907333	0,009376593826	0,008316292691	0,007375889945	0,006560569033	0,004746299897	0,003156501355	0,002435610048	0,001592963089	0	0	0	0	0	0	0	0	0	0	0
КП16	добыча_жидкости_массовая	тыс.т/год	0,01647183141	0,01568854805	0,01501248304	0,01431077691	0,01370209237	0,01313910299	0,01265207783	0,00980258283	0,006934220201	0,005765022194	0,004064888932	0	0	0	0	0	0	0	0	0	0	0
КП16	добыча_газа_объемная	млн.м3/год	0,01506120534	0,014166765	0,01292821563	0,0114674538	0,01018611307	0,009046381157	0,008055949695	0,005833429475	0,003882383771	0,002998075077	0,001962207739	0	0	0	0	0	0	0	0	0	0	0
КП16	закачка_воды_объемная	тыс.м3/год	0,01647183141	0,01568854805	0,01501248304	0,01431077691	0,01370209237	0,01313910299	0,01265207783	0,00980258283	0,006934220201	0,005765022194	0,004064888932	0	0	0	0	0	0	0	0	0	0	0
КП17	добыча_нефти_массовая	тыс.т/год	0,2841277925	0,1437513337	0,09496050028	0,07019164176	0,0554904512	0,04569813947	0,03883488791	0,03351137551	0,02947737716	0,02626688545	0,02372168456	0,0214894254	0,01966777411	0,01811505681	0,01682404625	0,01561214113	0,01458998435	0,0136861333	0,01291762678	0,01216101247	0,01151226891	0,01092529566
КП17	добыча_жидкости_массовая	тыс.т/год	0,357950726	0,192116433	0,1297850663	0,09661159997	0,07652091086	0,06299654836	0,05346061713	0,04604277147	0,04041078539	0,03592529568	0,03236692008	0,02925114824	0,02670848155	0,02454308542	0,02274259383	0,02105793358	0,01963719354	0,01838244812	0,01731532008	0,01626921523	0,01537207938	0,01456141687
КП17	добыча_газа_объемная	млн.м3/год	0,1367910877	0,0929391007	0,07416233794	0,06116279764	0,05194244944	0,04500713982	0,03980442433	0,03545955834	0,03195207355	0,02900936289	0,02662687886	0,0244725751	0,02269062566	0,02114648142	0,01984987254	0,01857707641	0,01744915164	0,01641886773	0,01554061434	0,01466921858	0,01392139671	0,01324281871
КП17	закачка_воды_объемная	тыс.м3/год	0,357950726	0,192116433	0,1297850663	0,09661159997	0,07652091086	0,06299654836	0,05346061713	0,04604277147	0,04041078539	0,03592529568	0,03236692008	0,02925114824	0,02670848155	0,02454308542	0,02274259383	0,02105793358	0,01963719354	0,01838244812	0,01731532008	0,01626921523	0,01537207938	0,01456141687
КП18	добыча_нефти_массовая	тыс.т/год	0,08825875403	0,07086890655	0,05918677319	0,05042511623	0,04392389731	0,03883866028	0,03485622279	0,03141244424	0,02862419481	0,02626616169	0,02431578352	0,02250073808	0,02097554081	0,01963290264	0,01849415956	0,0173801843	0,0164268021	0,01556669392	0,01482835045	0,01406415617	0,01317921844	0,01202084085
КП18	добыча_жидкости_массовая	тыс.т/год	0,1215654284	0,09771540373	0,08154666684	0,0693624682	0,06029561208	0,05319402001	0,04762692208	0,04281873622	0,0389253104	0,03563508846	0,03291352933	0,03038858856	0,02826713313	0,02640187086	0,0248195529	0,02327808336	0,02195865251	0,020769852	0,01974870429	0,01871526518	0,01782220178	0,01700407843
КП18	добыча_газа_объемная	млн.м3/год	0,07904779941	0,06767351856	0,05922202337	0,05235500444	0,0469295731	0,04242077357	0,03875105206	0,03546968694	0,03277246613	0,03045070561	0,02851097334	0,02664353875	0,02501055091	0,02351073066	0,02221293249	0,02093250636	0,01983551795	0,01884288069	0,01799061972	0,01710087852	0,01605751013	0,01467357245
КП18	закачка_воды_объемная	тыс.м3/год	0,1215654284	0,09771540373	0,08154666684	0,0693624682	0,06029561208	0,05319402001	0,04762692208	0,04281873622	0,0389253104	0,03563508846	0,03291352933	0,03038858856	0,02826713313	0,02640187086	0,0248195529	0,02327808336	0,02195865251	0,020769852	0,01974870429	0,01871526518	0,01782220178	0,01700407843
КП19	добыча_нефти_массовая	тыс.т/год	0,05504133009	0,04828237875	0,04305245265	0,0385913843	0,03500767393	0,03200031591	0,0295258566	0,02724260095	0,02533113502	0,02365597112	0,02223881025	0,02086120017	0,01968443312	0,01862588306	0,01771827691	0,01679986846	0,0159467974	0,01479931161	0,01336526636	0,01182421481	0,01048713776	0,009301256801
КП19	добыча_жидкости_массовая	тыс.т/год	0,0756503938	0,06621667528	0,0589071909	0,05267741991	0,04767156697	0,04347336001	0,04001878228	0,03684031628	0,03417978624	0,0318509134	0,02988042304	0,02797261985	0,02634281524	0,02487863733	0,02362253938	0,02235773736	0,02126581355	0,02026757125	0,01940569654	0,01850885723	0,01773070779	0,0170103294
КП19	добыча_газа_объемная	млн.м3/год	0,05792778676	0,05212641596	0,04739794989	0,04319969042	0,03977050472	0,03683816766	0,03439845703	0,03208571569	0,03009933773	0,02827030623	0,02666577777	0,02508543935	0,02373386271	0,02251428782	0,02146827616	0,0204015635	0,01940696164	0,01804605787	0,01632699051	0,0144681992	0,01285081807	0,01141234465
КП19	закачка_воды_объемная	тыс.м3/год	0,0756503938	0,06621667528	0,0589071909	0,05267741991	0,04767156697	0,04347336001	0,04001878228	0,03684031628	0,03417978624	0,0318509134	0,02988042304	0,02797261985	0,02634281524	0,02487863733	0,02362253938	0,02235773736	0,02126581355	0,02026757125	0,01940569654	0,01850885723	0,01773070779	0,0170103294
КП20	добыча_нефти_массовая	тыс.т/год	0,03161211566	0,02908525576	0,0269874382	0,02502313787	0,02336815334	0,02190661829	0,02066482631	0,01944453238	0,01839877424	0,01745338434	0,01664116626	0,01574590013	0,01462722546	0,01316868933	0,01171548734	0,01036102214	0,009189402281	0,008150268684	0,007101331772	0,005135217515	0,00361233844	0,002474879614
КП20	добыча_жидкости_массовая	тыс.т/год	0,04294620897	0,03942171511	0,03649553521	0,03376437434	0,03146354921	0,02943416827	0,02770949686	0,02602189119	0,02457540269	0,02326943903	0,02214667218	0,02100628501	0,02002013454	0,01911542794	0,01833366259	0,01751403334	0,01680239933	0,0161418818	0,01521767011	0,01177550164	0,008846544272	0,006519456983
КП20	добыча_газа_объемная	млн.м3/год	0,03639039758	0,03388476514	0,03178362273	0,02973264591	0,02792732143	0,02626736144	0,02484906922	0,02344446566	0,0222396358	0,02114725193	0,02020868176	0,01916234145	0,01783610323	0,0160868286	0,01433509936	0,01269624868	0,0112750801	0,01001151898	0,008731645159	0,00631892723	0,004447965535	0,003049361442
КП20	закачка_воды_объемная	тыс.м3/год	0,04294620897	0,03942171511	0,03649553521	0,03376437434	0,03146354921	0,02943416827	0,02770949686	0,02602189119	0,02457540269	0,02326943903	0,02214667218	0,02100628501	0,02002013454	0,01911542794	0,01833366259	0,01751403334	0,01680239933	0,0161418818	0,01521767011	0,01177550164	0,008846544272	0,006519456983
КП21	добыча_нефти_массовая	тыс.т/год	0,02692663287	0,02468850477	0,02283913718	0,02112111077	0,0196785005	0,018409732	0,01733418263	0,01628347226	0,01538458108	0,01457413928	0,0138785958	0,01317017198	0,01241562228	0,0113614222	0,01015587661	0,008981723029	0,007966073711	0,007065273575	0,005926000591	0,004330739168	0,001423987488	0
КП21	добыча_жидкости_массовая	тыс.т/год	0,03662840582	0,03350512135	0,03092420207	0,02853384129	0,02652694512	0,02476401917	0,02326928427	0,0218150905	0,0205708585	0,01945051104	0,01848840645	0,01751582647	0,01667552372	0,01590608209	0,01524148272	0,01454757021	0,0139452957	0,01338707307	0,01209352986	0,009523910119	0,003281406608	0
КП21	добыча_газа_объемная	млн.м3/год	0,03077677529	0,02857743128	0,02674142996	0,02498450459	0,0234526421	0,02203707589	0,02081173417	0,0196045464	0,0185706677	0,01763570241	0,01683312169	0,01600919647	0,0151232226	0,01386549058	0,01241584014	0,01099751429	0,009767363802	0,008673449701	0,007282204229	0,005326630838	0,001752356573	0
КП21	закачка_воды_объемная	тыс.м3/год	0,03662840582	0,03350512135	0,03092420207	0,02853384129	0,02652694512	0,02476401917	0,02326928427	0,0218150905	0,0205708585	0,01945051104	0,01848840645	0,01751582647	0,01667552372	0,01590608209	0,01524148272	0,01454757021	0,0139452957	0,01338707307	0,01209352986	0,009523910119	0,003281406608	0
КП22	добыча_нефти_массовая	тыс.т/год	0,02988248357	0,02577524368	0,02267710093	0,02010549985	0,01807285985	0,01639340445	0,01502627209	0,01378506176	0,01275381027	0,01185788119	0,01110385175	0,01037942239	0,009762987259	0,009211561146	0,008739938158	0,008267212749	0,007860075893	0,007482578563	0,006996143823	0,006253034161	0,005545943789	0,004918810887
КП22	добыча_жидкости_массовая	тыс.т/год	0,04115135062	0,0354288094	0,03110257213	0,02751139999	0,02467116496	0,02232514725	0,02041505813	0,01868523967	0,01724822964	0,01600116579	0,01495152562	0,01394688094	0,01309200058	0,01232825736	0,01167475573	0,01102279983	0,01046108862	0,009949560685	0,009508398167	0,009052996125	0,008658211207	0,008293782116
КП22	добыча_газа_объемная	млн.м3/год	0,03042678702	0,02713710334	0,02448601937	0,02213056018	0,02022608856	0,01861895067	0,01729317959	0,01605593995	0,01501777411	0,01409388409	0,0132711311	0,01244456117	0,01173892827	0,01110562599	0,01056364698	0,01001618036	0,009544464595	0,009105578566	0,008530660655	0,007638585068	0,006785965181	0,00602738051
КП22	закачка_воды_объемная	тыс.м3/год	0,04115135062	0,0354288094	0,03110257213	0,02751139999	0,02467116496	0,02232514725	0,02041505813	0,01868523967	0,01724822964	0,01600116579	0,01495152562	0,01394688094	0,01309200058	0,01232825736	0,01167475573	0,01102279983	0,01046108862	0,009949560685	0,009508398167	0,009052996125	0,008658211207	0,008293782116
КП23	добыча_нефти_массовая	тыс.т/год	0,03136450904	0,02802616633	0,02536858676	0,02302578471	0,02110859603	0,01946975124	0,01810456778	0,01681874273	0,01573276462	0,01477083839	0,01395220451	0,01314418507	0,01245088769	0,01182289219	0,01128295806	0,01062692415	0,009730982302	0,00866881926	0,007710579687	0,006819134752	0,006048029972	0,005144045221
КП23	добыча_жидкости_массовая	тыс.т/год	0,04297344227	0,03830903164	0,03459365301	0,03132413116	0,02864864557	0,02636368499	0,02446020534	0,02267334902	0,02116435573	0,01982940325	0,01869299544	0,01757620044	0,01661775803	0,01575071657	0,01500470777	0,01424429079	0,01358631213	0,0129818276	0,01245933816	0,01190983789	0,01143262959	0,01049914021
КП23	добыча_газа_объемная	млн.м3/год	0,03416472485	0,03108170892	0,02858099086	0,02630923819	0,02442594092	0,02278995176	0,02141182354	0,02004353038	0,01883131262	0,01773275544	0,0167964718	0,01586513664	0,01506537577	0,01433887478	0,01371427089	0,01294374435	0,01187517038	0,01059749267	0,009440756952	0,008360832989	0,007424470844	0,006321324053
КП23	закачка_воды_объемная	тыс.м3/год	0,04297344227	0,03830903164	0,03459365301	0,03132413116	0,02864864557	0,02636368499	0,02446020534	0,02267334902	0,02116435573	0,01982940325	0,01869299544	0,01757620044	0,01661775803	0,01575071657	0,01500470777	0,01424429079	0,01358631213	0,0129818276	0,01245933816	0,01190983789	0,01143262959	0,01049914021
КП24	добыча_нефти_массовая	тыс.т/год	0,03328300278	0,0280838996	0,02429352633	0,02125021202	0,01889357497	0,01698257256	0,01544733828	0,01407847839	0,01295148813	0,01198205319	0,01117120786	0,01040186283	0,009750186596	0,009170807168	0,008676768267	0,008186414786	0,007765062879	0,007382462774	0,007051479594	0,00656829293	0,005878603652	0,005213853719
КП24	добыча_жидкости_массовая	тыс.т/год	0,04589455342	0,03867567061	0,03339313307	0,02914624709	0,02585375428	0,02318344691	0,0210373845	0,01912783806	0,01755583431	0,01620494657	0,01507500081	0,01400662775	0,01310171839	0,01229821611	0,01161283946	0,01093561596	0,01035353156	0,009825664887	0,009371055763	0,008905575238	0,008502504632	0,008131557085
КП24	добыча_газа_объемная	млн.м3/год	0,03251631656	0,02859227264	0,02557571355	0,02294483957	0,02079390789	0,01900348285	0,01754200724	0,01620066137	0,01508329994	0,01410745246	0,01327836368	0,0124322505	0,01168972306	0,01102652728	0,01046050474	0,009894341951	0,009407517468	0,008964242586	0,008580728243	0,008008843074	0,007181107249	0,006379559317
КП24	закачка_воды_объемная	тыс.м3/год	0,04589455342	0,03867567061	0,03339313307	0,02914624709	0,02585375428	0,02318344691	0,0210373845	0,01912783806	0,01755583431	0,01620494657	0,01507500081	0,01400662775	0,01310171839	0,01229821611	0,01161283946	0,01093561596	0,01035353156	0,009825664887	0,009371055763	0,008905575238	0,008502504632	0,008131557085
КП25	добыча_нефти_массовая	тыс.т/год	0,0336571244	0,02743359839	0,02313437785	0,01984352774	0,01737122257	0,01541855103	0,01387903036	0,01253812435	0,01144801259	0,01052250162	0,009754983438	0,009037862425	0,008434176369	0,007901649904	0,007449451843	0,00700586847	0,006625901921	0,006282673513	0,005987873058	0,005687368299	0,005350025189	0,004803434326
КП25	добыча_жидкости_массовая	тыс.т/год	0,04641229979	0,03783347658	0,03186704838	0,02728429007	0,02383366253	0,02110571283	0,01895324659	0,01708118153	0,01555917619	0,0142680387	0,01319726829	0,01219996193	0,01136051344	0,01062092188	0,009992754371	0,009379147648	0,008853457068	0,008379209713	0,007971607239	0,007558229333	0,007200844174	0,006873166029
КП25	добыча_газа_объемная	млн.м3/год	0,03093578082	0,02663042701	0,02342984929	0,02080454356	0,01870060807	0,01692676796	0,01549582568	0,01421015882	0,01314998263	0,01223443635	0,01146798206	0,01073086756	0,01007536346	0,009469441606	0,008953253287	0,008442956336	0,008005417733	0,007609017268	0,007268509558	0,006918702159	0,006521586836	0,005866262273
КП25	закачка_воды_объемная	тыс.м3/год	0,04641229979	0,03783347658	0,03186704838	0,02728429007	0,02383366253	0,02110571283	0,01895324659	0,01708118153	0,01555917619	0,0142680387	0,01319726829	0,01219996193	0,01136051344	0,01062092188	0,009992754371	0,009379147648	0,008853457068	0,008379209713	0,007971607239	0,007558229333	0,007200844174	0,006873166029
КП26	добыча_нефти_массовая	тыс.т/год	0,08981074322	0,07001986714	0,05731598178	0,04812055757	0,04145036532	0,03632918448	0,03237163928	0,02900074265	0,02629505784	0,02402636886	0,02216072503	0,02044075759	0,01900142884	0,01774062428	0,01667429261	0,0156383945	0,01475369969	0,01395812182	0,01327607673	0,01258628112	0,01195835383	0,01111750544
КП26	добыча_жидкости_массовая	тыс.т/год	0,1234541167	0,09652885782	0,07902436397	0,06626759897	0,05697747693	0,04983016047	0,04429915761	0,03959172051	0,03581221491	0,0326450345	0,03004029563	0,0276458067	0,02564229979	0,02388935978	0,02240658103	0,0209718865	0,01974650458	0,01864598374	0,01770198977	0,016751948	0,01593184788	0,01518226815
КП26	добыча_газа_объемная	млн.м3/год	0,07641456951	0,06452028685	0,05581318744	0,04888488207	0,04355287443	0,03917207936	0,03560254693	0,03243433675	0,02984824744	0,02763839407	0,02580060299	0,02406037519	0,02256926562	0,02119599898	0,01999008174	0,01880198266	0,01778605505	0,01686961623	0,0160836885	0,01528263489	0,01455133551	0,0135550308
КП26	закачка_воды_объемная	тыс.м3/год	0,1234541167	0,09652885782	0,07902436397	0,06626759897	0,05697747693	0,04983016047	0,04429915761	0,03959172051	0,03581221491	0,0326450345	0,03004029563	0,0276458067	0,02564229979	0,02388935978	0,02240658103	0,0209718865	0,01974650458	0,01864598374	0,01770198977	0,016751948	0,01593184788	0,01518226815
КП27	добыча_нефти_массовая	тыс.т/год	0,01927987166	0,01825804367	0,01738129584	0,01649157873	0,01563428956	0,01436900937	0,01284046891	0,01135594097	0,01007181613	0,008932899556	0,007945468904	0,007026867671	0,006232272544	0,005527529886	0,004700016202	0,003290059549	0,000448669423	0	0	0	0	0
КП27	добыча_жидкости_массовая	тыс.т/год	0,02578604583	0,0243732373	0,02316029458	0,0219355373	0,02087757151	0,01990926281	0,01907297483	0,01820068101	0,0174436427	0,01674221786	0,01613539844	0,01548398319	0,01491782751	0,01438837751	0,01325463176	0,009989339729	0,001446073674	0	0	0	0	0
КП27	добыча_газа_объемная	млн.м3/год	0,0232646761	0,0220862911	0,02107497	0,02004068518	0,01903877966	0,01753191309	0,0156946621	0,01390210073	0,01234730362	0,01096464238	0,009763317303	0,008642952894	0,007672215064	0,00680983884	0,005794081756	0,004058059283	0,0005536205833	0	0	0	0	0
КП27	закачка_воды_объемная	тыс.м3/год	0,02578604583	0,0243732373	0,02316029458	0,0219355373	0,02087757151	0,01990926281	0,01907297483	0,01820068101	0,0174436427	0,01674221786	0,01613539844	0,01548398319	0,01491782751	0,01438837751	0,01325463176	0,009989339729	0,001446073674	0	0	0	0	0
КП28	добыча_нефти_массовая	тыс.т/год	0,09516909302	0,07879425145	0,06723684953	0,05821065363	0,05134007415	0,04584960809	0,0414839211	0,03763999998	0,03449654963	0,03181117214	0,02957515856	0,02747039093	0,02569324771	0,02411958895	0,02278059382	0,02145945401	0,0203260345	0,01929954992	0,01841428749	0,01729197211	0,01584922617	0,01417371961
КП28	добыча_жидкости_массовая	тыс.т/год	0,1312209323	0,1085869917	0,09252079036	0,07994049477	0,07034724373	0,0626763526	0,0565731773	0,05120873144	0,04682189777	0,04307771193	0,0399599434	0,03703492381	0,03456544624	0,03238145208	0,03052262442	0,02869655022	0,02712960496	0,02571233654	0,02449301421	0,02325046854	0,02217537929	0,02118780429
КП28	добыча_газа_объемная	млн.м3/год	0,08994975275	0,07822514978	0,06937210898	0,06189601641	0,05586710153	0,05081320563	0,04671023025	0,04298665809	0,03990139628	0,03722263391	0,03496268783	0,03271953164	0,0307484067	0,02895385874	0,02742261747	0,0259000246	0,02459268934	0,02340530428	0,02238113061	0,02106061528	0,01934017497	0,01732586211
КП28	закачка_воды_объемная	тыс.м3/год	0,1312209323	0,1085869917	0,09252079036	0,07994049477	0,07034724373	0,0626763526	0,0565731773	0,05120873144	0,04682189777	0,04307771193	0,0399599434	0,03703492381	0,03456544624	0,03238145208	0,03052262442	0,02869655022	0,02712960496	0,02571233654	0,02449301421	0,02325046854	0,02217537929	0,02118780429
КП29	добыча_нефти_массовая	тыс.т/год	0,07222064466	0,06357625011	0,05685504981	0,05108880397	0,04644124484	0,0425280088	0,03930085872	0,03631163335	0,03380497539	0,03160373003	0,02973938013	0,02792171007	0,02636768828	0,02496787926	0,02376702207	0,02253893966	0,02121235732	0,01951389494	0,01757612922	0,01555128787	0,01379275503	0,01223307631
КП29	добыча_жидкости_массовая	тыс.т/год	0,09920312929	0,08713574526	0,07774158013	0,0696901118	0,06319934127	0,05773778872	0,05323345424	0,04907358454	0,04558573703	0,04252651483	0,03993504425	0,03741877961	0,03526725334	0,0333317461	0,03167034082	0,02999338614	0,02854498615	0,02721955804	0,02607493655	0,02488134272	0,02384552209	0,02288589685
КП29	добыча_газа_объемная	млн.м3/год	0,07650869722	0,06899546434	0,06287863209	0,05742279379	0,05295428099	0,04912201241	0,04592773928	0,04287458504	0,0402264758	0,03780256442	0,03568860899	0,03360152321	0,03181513087	0,0302010839	0,02881608185	0,02738804528	0,02582958253	0,02380681658	0,02148044494	0,01903609535	0,01690732119	0,01501418554
КП29	закачка_воды_объемная	тыс.м3/год	0,09920312929	0,08713574526	0,07774158013	0,0696901118	0,06319934127	0,05773778872	0,05323345424	0,04907358454	0,04558573703	0,04252651483	0,03993504425	0,03741877961	0,03526725334	0,0333317461	0,03167034082	0,02999338614	0,02854498615	0,02721955804	0,02607493655	0,02488134272	0,02384552209	0,02288589685
КП30	добыча_нефти_массовая	тыс.т/год	0,03610509965	0,03294969639	0,03035930497	0,02797749347	0,02598672118	0,02424532114	0,02277373447	0,02134689267	0,02012906298	0,01903489432	0,01809723494	0,01715039533	0,01631156576	0,01524647612	0,01385270321	0,01226810946	0,010880837	0,009650436701	0,008583690462	0,00759130238	0,006732881222	0,005386997606
КП30	добыча_жидкости_массовая	тыс.т/год	0,0491928736	0,04478727069	0,04117018	0,03785364332	0,0350820044	0,03266037935	0,03061368248	0,02863707663	0,02694990184	0,02543600636	0,02413796516	0,02283359232	0,02170798234	0,02067981064	0,01979229416	0,01887039998	0,01807065524	0,01733074598	0,01669066811	0,01600610467	0,01541117505	0,01329772536
КП30	добыча_газа_объемная	млн.м3/год	0,04088526371	0,03782108	0,03527625286	0,0328729716	0,03082563059	0,02894541091	0,02728859523	0,02565309253	0,02425538132	0,02299564204	0,02191567577	0,02081664123	0,01984141407	0,01858321021	0,01691568931	0,01500601035	0,01332905064	0,01183747185	0,01054131877	0,009332306746	0,00828463827	0,006633525781
КП30	закачка_воды_объемная	тыс.м3/год	0,0491928736	0,04478727069	0,04117018	0,03785364332	0,0350820044	0,03266037935	0,03061368248	0,02863707663	0,02694990184	0,02543600636	0,02413796516	0,02283359232	0,02170798234	0,02067981064	0,01979229416	0,01887039998	0,01807065524	0,01733074598	0,01669066811	0,01600610467	0,01541117505	0,01329772536
КП31	добыча_нефти_массовая	тыс.т/год	0,06310773114	0,05491618489	0,0486594924	0,04339470212	0,0391989974	0,03570460448	0,03284427085	0,03022530881	0,02804069095	0,02613399698	0,02452489145	0,02296923678	0,02164276532	0,02045262841	0,01943337352	0,01840647963	0,01750068146	0,01640272314	0,01504132504	0,01338595366	0,01187227587	0,0105297641
КП31	добыча_жидкости_массовая	тыс.т/год	0,08681607562	0,0753934281	0,06665293859	0,05930089903	0,05343927184	0,04855967019	0,04456494957	0,04091720969	0,0378748629	0,03522260594	0,03298403222	0,0308282607	0,0289899968	0,0273427995	0,02593139716	0,0245162641	0,02329568987	0,02218181916	0,02122059955	0,02022402218	0,01935968269	0,01856055444
КП31	добыча_газа_объемная	млн.м3/год	0,06539353881	0,05858595022	0,05308882582	0,04820097579	0,04422698743	0,04085033269	0,03805240354	0,03542029292	0,0331850705	0,03115033892	0,02936378835	0,02758394066	0,02606278862	0,02469360942	0,02352048181	0,02232935288	0,02127712707	0,01998291594	0,01835873664	0,01636648869	0,01453818691	0,01291184626
КП31	закачка_воды_объемная	тыс.м3/год	0,08681607562	0,0753934281	0,06665293859	0,05930089903	0,05343927184	0,04855967019	0,04456494957	0,04091720969	0,0378748629	0,03522260594	0,03298403222	0,0308282607	0,0289899968	0,0273427995	0,02593139716	0,0245162641	0,02329568987	0,02218181916	0,02122059955	0,02022402218	0,01935968269	0,01856055444
КП32	добыча_нефти_массовая	тыс.т/год	0,0165888467	0,01496661152	0,01331677889	0,01177718322	0,01044542449	0,009264260448	0,00824020161	0,00728752538	0,006463455193	0,00568382667	0,003742302602	0,001290672797	0,0005927993248	0,0001245756042	0	0	0	0	0	0	0	0
КП32	добыча_жидкости_массовая	тыс.т/год	0,02253781973	0,02151430782	0,02062995541	0,01970367198	0,01889949196	0,01815331992	0,01750779767	0,01681220921	0,0162076574	0,01550001541	0,01090381316	0,004021944013	0,001983134586	0,0004402123581	0	0	0	0	0	0	0	0
КП32	добыча_газа_объемная	млн.м3/год	0,02022320355	0,01827923651	0,01629133867	0,01442915707	0,0128142605	0,01137840255	0,01013103092	0,00896791023	0,007960234861	0,007005033993	0,004614533261	0,001592236331	0,0007316240538	0,0001537965501	0	0	0	0	0	0	0	0
КП32	закачка_воды_объемная	тыс.м3/год	0,02253781973	0,02151430782	0,02062995541	0,01970367198	0,01889949196	0,01815331992	0,01750779767	0,01681220921	0,0162076574	0,01550001541	0,01090381316	0,004021944013	0,001983134586	0,0004402123581	0	0	0	0	0	0	0	0
КП33	добыча_нефти_массовая	тыс.т/год	0,03084794607	0,02895241222	0,02665309972	0,02385019285	0,02116194389	0,01876896051	0,01669426497	0,01476418726	0,01309465942	0,01161392105	0,01020496936	0,008161271808	0,006478922314	0,003930957371	0,001153534654	0	0	0	0	0	0	0
КП33	добыча_жидкости_массовая	тыс.т/год	0,04107836466	0,03910185279	0,03739655884	0,03563074304	0,03409948023	0,0326843916	0,03146035498	0,03015486137	0,0290204051	0,02796159929	0,02666731111	0,02294279767	0,01974657892	0,01315373956	0,004074165312	0	0	0	0	0	0	0
КП33	добыча_газа_объемная	млн.м3/год	0,03749204806	0,03526058631	0,03252164793	0,02915234226	0,0259072254	0,02300973838	0,02049156354	0,01814234742	0,01610643892	0,01429741715	0,01257230323	0,01006049896	0,007991261959	0,004851419488	0,00142409515	0	0	0	0	0	0	0
КП33	закачка_воды_объемная	тыс.м3/год	0,04107836466	0,03910185279	0,03739655884	0,03563074304	0,03409948023	0,0326843916	0,03146035498	0,03015486137	0,0290204051	0,02796159929	0,02666731111	0,02294279767	0,01974657892	0,01315373956	0,004074165312	0	0	0	0	0	0	0
КП34	добыча_нефти_массовая	тыс.т/год	0,01825161871	0,01699256791	0,01593126047	0,01490802743	0,01403630739	0,01325520269	0,01258662902	0,01191457721	0,01133542853	0,01073010636	0,009901787693	0,008820566015	0,007823140262	0,006938502978	0,00617153023	0,005100266669	0,003499331144	0,0003457565936	0	0	0	0
КП34	добыча_жидкости_массовая	тыс.т/год	0,02466645951	0,022914579	0,02143769119	0,02001925108	0,01881081064	0,01772938255	0,01680331115	0,01587685262	0,0150781397	0,01434992569	0,01372166685	0,01307156421	0,01250783853	0,01198700472	0,01153648042	0,01032556253	0,007600589322	0,0007629015367	0	0	0	0
КП34	добыча_газа_объемная	млн.м3/год	0,02155680386	0,0202323546	0,01905970589	0,01789026284	0,01689139826	0,01599346084	0,01522448352	0,01444549245	0,01377393727	0,01306575274	0,01208044045	0,01078044484	0,009576579388	0,008505606984	0,007574820915	0,006266818688	0,004303404748	0,000425291104	0	0	0	0
КП34	закачка_воды_объемная	тыс.м3/год	0,02466645951	0,022914579	0,02143769119	0,02001925108	0,01881081064	0,01772938255	0,01680331115	0,01587685262	0,0150781397	0,01434992569	0,01372166685	0,01307156421	0,01250783853	0,01198700472	0,01153648042	0,01032556253	0,007600589322	0,0007629015367	0	0	0	0
КП35	добыча_нефти_массовая	тыс.т/год	0,02259511929	0,02113271498	0,01989348507	0,01868382925	0,01764923741	0,01671679296	0,01591668222	0,01509364619	0,0141897377	0,01303324918	0,01169332636	0,01034142327	0,008883545641	0,007181999664	0,005960842919	0,003999124186	0,002520141647	0,000209347938	0	0	0	0
КП35	добыча_жидкости_массовая	тыс.т/год	0,03046252338	0,02843038241	0,02670804513	0,02503372028	0,02360153446	0,02231242521	0,02120559598	0,02008736481	0,01912135163	0,01823701599	0,01747323727	0,01667614773	0,01542607014	0,01341373267	0,01195501942	0,008541159493	0,005717343292	0,000498864463	0	0	0	0
КП35	добыча_газа_объемная	млн.м3/год	0,02690928936	0,02528996528	0,02388026765	0,02249079925	0,0213011022	0,02022560672	0,0193025363	0,01834499171	0,0172819334	0,01590359611	0,01429352564	0,01266089377	0,0108905711	0,008814721457	0,007323304929	0,004917088219	0,003100758543	0,0002577093389	0	0	0	0
КП35	закачка_воды_объемная	тыс.м3/год	0,03046252338	0,02843038241	0,02670804513	0,02503372028	0,02360153446	0,02231242521	0,02120559598	0,02008736481	0,01912135163	0,01823701599	0,01747323727	0,01667614773	0,01542607014	0,01341373267	0,01195501942	0,008541159493	0,005717343292	0,000498864463	0	0	0	0
КП36	добыча_нефти_массовая	тыс.т/год	0,02415159054	0,0225297841	0,02115965604	0,01983181386	0,01869870247	0,01768088363	0,01680876551	0,01592837607	0,01511812752	0,01408919482	0,01285270738	0,01140997144	0,01011973685	0,008180122193	0,006741281564	0,005312287742	0,003901071613	0,001900588736	0,0008867812551	0	0	0
КП36	добыча_жидкости_массовая	тыс.т/год	0,03260633165	0,03035093504	0,02844528233	0,02660574591	0,02503587959	0,02362756909	0,02242021813	0,0212073419	0,02016078849	0,01920495915	0,01837993958	0,01752314731	0,01677991302	0,01463120441	0,01298575837	0,01108900945	0,008838265976	0,004549294908	0,002194313779	0	0	0
КП36	добыча_газа_объемная	млн.м3/год	0,02863081472	0,02688382439	0,02535197726	0,02383067976	0,02253036198	0,02135865655	0,02035427874	0,01933246924	0,01838877326	0,01717150995	0,01569332937	0,01395527299	0,01239584629	0,01003289083	0,008277369057	0,006529592559	0,004799453621	0,002339672037	0,001092031111	0	0	0
КП36	закачка_воды_объемная	тыс.м3/год	0,03260633165	0,03035093504	0,02844528233	0,02660574591	0,02503587959	0,02362756909	0,02242021813	0,0212073419	0,02016078849	0,01920495915	0,01837993958	0,01752314731	0,01677991302	0,01463120441	0,01298575837	0,01108900945	0,008838265976	0,004549294908	0,002194313779	0	0	0
КП37	добыча_нефти_массовая	тыс.т/год	0,02461370584	0,02287817493	0,02141838812	0,02001713004	0,01882523053	0,01775949077	0,01684822229	0,01593530353	0,0151491907	0,01434463033	0,01334650103	0,01204755703	0,01070988485	0,009498815746	0,007865535517	0,005455696737	0,003058548007	0,001238325472	0,0002196615356	0	0	0
КП37	добыча_жидкости_массовая	тыс.т/год	0,03329033304	0,03087448453	0,02884229695	0,02689889854	0,02524585849	0,02376968714	0,0225069253	0,02124780593	0,02016317752	0,01917568969	0,01832414608	0,01744542604	0,01668373957	0,01598072509	0,01419225191	0,01048316057	0,006365263207	0,002733581861	0,0005081386779	0	0	0
КП37	добыча_газа_объемная	млн.м3/год	0,02896479821	0,02715941964	0,02558036697	0,02399684501	0,02263292998	0,02140919092	0,02036216478	0,01930507437	0,01839439997	0,01745466568	0,01627206463	0,01471503454	0,01310283011	0,01163827141	0,009648549834	0,006698820328	0,003759395926	0,001523163431	0,0002703247427	0	0	0
КП37	закачка_воды_объемная	тыс.м3/год	0,03329033304	0,03087448453	0,02884229695	0,02689889854	0,02524585849	0,02376968714	0,0225069253	0,02124780593	0,02016317752	0,01917568969	0,01832414608	0,01744542604	0,01668373957	0,01598072509	0,01419225191	0,01048316057	0,006365263207	0,002733581861	0,0005081386779	0	0	0
КП38	добыча_нефти_массовая	тыс.т/год	0,04309729535	0,03800798516	0,03403662373	0,03061747875	0,02785602139	0,02552658523	0,02360314374	0,02181846185	0,02032065986	0,01900418583	0,01788859133	0,0167997635	0,01586851218	0,01502924824	0,01430908885	0,0135779858	0,01283979692	0,01177906765	0,01053541078	0,009317378032	0,008263772993	0,007329309152
КП38	добыча_жидкости_массовая	тыс.т/год	0,05918962893	0,05208299671	0,04653140908	0,0417570589	0,03790046074	0,03464951653	0,03196501639	0,02948165623	0,02739776769	0,02556836167	0,02401782098	0,02251069153	0,02122152251	0,020061201	0,01906494507	0,0180585957	0,01718923717	0,01639342983	0,01570610378	0,01498893473	0,01436650924	0,01378974008
КП38	добыча_газа_объемная	млн.м3/год	0,04582918579	0,04135225469	0,03770896202	0,03446449692	0,03180301047	0,02951708617	0,02760989164	0,02579026982	0,02420763904	0,02274255313	0,02147199096	0,0202213691	0,01915055417	0,01818258082	0,01735178604	0,01650178526	0,01563721841	0,01437297446	0,01287806943	0,01140711951	0,01013129202	0,008996729283
КП38	закачка_воды_объемная	тыс.м3/год	0,05918962893	0,05208299671	0,04653140908	0,0417570589	0,03790046074	0,03464951653	0,03196501639	0,02948165623	0,02739776769	0,02556836167	0,02401782098	0,02251069153	0,02122152251	0,020061201	0,01906494507	0,0180585957	0,01718923717	0,01639342983	0,01570610378	0,01498893473	0,01436650924	0,01378974008
КП39	добыча_нефти_массовая	тыс.т/год	0,03515536024	0,02921643342	0,02498729838	0,02166406625	0,01912541903	0,01709142699	0,01547130859	0,01404253857	0,01287304608	0,01187318777	0,01104019189	0,01025561122	0,009592939567	0,009005962929	0,00850641035	0,008013384685	0,007590354366	0,007207182733	0,00687773724	0,006517646102	0,005964111059	0,005294239834
КП39	добыча_жидкости_массовая	тыс.т/год	0,04849107632	0,04026890196	0,03438487118	0,02975103788	0,02620547883	0,02336333419	0,02109825178	0,01910424995	0,01747215101	0,01607806663	0,01491659556	0,01382627305	0,01290545542	0,01209083717	0,01139735678	0,01071590953	0,01013108128	0,009602042622	0,009146848778	0,008682926138	0,008281498454	0,007912722863
КП39	добыча_газа_объемная	млн.м3/год	0,03342441876	0,02910461404	0,02584327522	0,02309272573	0,02083484109	0,01895365921	0,01742859595	0,01604285804	0,01489388926	0,01389571087	0,01305687459	0,01222787287	0,01148182464	0,01081123396	0,0102399022	0,009671653329	0,009183678893	0,008740420387	0,008359326094	0,007938290625	0,007278225915	0,006472135097
КП39	закачка_воды_объемная	тыс.м3/год	0,04849107632	0,04026890196	0,03438487118	0,02975103788	0,02620547883	0,02336333419	0,02109825178	0,01910424995	0,01747215101	0,01607806663	0,01491659556	0,01382627305	0,01290545542	0,01209083717	0,01139735678	0,01071590953	0,01013108128	0,009602042622	0,009146848778	0,008682926138	0,008281498454	0,007912722863
КП40	добыча_нефти_массовая	тыс.т/год	0,04772624515	0,04062885311	0,03538389706	0,03111759592	0,02778702132	0,02506635053	0,02286926884	0,0208965759	0,01926661893	0,01785911273	0,01667898243	0,01555388051	0,01459914958	0,01374831498	0,01302193984	0,01229827493	0,01167587904	0,01110981274	0,0105717983	0,00967799368	0,0086093443	0,007635803406
КП40	добыча_жидкости_массовая	тыс.т/год	0,06578343157	0,05591428716	0,04859833788	0,04264274182	0,03798904729	0,03418767001	0,03111694335	0,02836599305	0,02609324757	0,02413272186	0,02248881726	0,02092719761	0,01960210452	0,01842271447	0,01741547009	0,01641655413	0,01555715845	0,0147765507	0,01410389466	0,01341301551	0,01281449924	0,01226303664
КП40	добыча_газа_объемная	млн.м3/год	0,04739711205	0,04192070654	0,03763906667	0,03385532719	0,03078164254	0,02821172006	0,02610520354	0,02415938495	0,02253383241	0,0211084905	0,01987448488	0,01861315682	0,01752272792	0,01654756509	0,01571438858	0,01487787416	0,0141579975	0,01350149686	0,01287459713	0,01180901581	0,01052365465	0,009348326575
КП40	закачка_воды_объемная	тыс.м3/год	0,06578343157	0,05591428716	0,04859833788	0,04264274182	0,03798904729	0,03418767001	0,03111694335	0,02836599305	0,02609324757	0,02413272186	0,02248881726	0,02092719761	0,01960210452	0,01842271447	0,01741547009	0,01641655413	0,01555715845	0,0147765507	0,01410389466	0,01341301551	0,01281449924	0,01226303664
КП41	добыча_нефти_массовая	тыс.т/год	0,04011339772	0,03333484151	0,02850801173	0,02471537206	0,02181827972	0,01949721579	0,01764850942	0,01601824485	0,01468386317	0,01354307225	0,01259268438	0,01169757659	0,01094156465	0,01027192564	0,009702029063	0,009139600667	0,008657025256	0,008219926466	0,007844117152	0,007435601411	0,006804790691	0,00604003649
КП41	добыча_жидкости_массовая	тыс.т/год	0,05533026304	0,04594565112	0,03923004651	0,03394168127	0,02989550222	0,02665221947	0,02406754321	0,02179232583	0,01993010675	0,01833951584	0,01701435617	0,01577042889	0,01471990467	0,01379056108	0,01299942517	0,01222204679	0,01155489544	0,0109513972	0,01043214008	0,009902943668	0,009445037383	0,009024382578
КП41	добыча_газа_объемная	млн.м3/год	0,03813346234	0,03320338664	0,02948149488	0,02634378431	0,02376681242	0,02162026642	0,01988013176	0,01829906155	0,0169881686	0,0158493526	0,01489239702	0,01394716352	0,01309583113	0,01233081299	0,01167903759	0,01103080491	0,01047415033	0,009968513655	0,009533791226	0,009056255839	0,00830408375	0,007383819051
КП41	закачка_воды_объемная	тыс.м3/год	0,05533026304	0,04594565112	0,03923004651	0,03394168127	0,02989550222	0,02665221947	0,02406754321	0,02179232583	0,01993010675	0,01833951584	0,01701435617	0,01577042889	0,01471990467	0,01379056108	0,01299942517	0,01222204679	0,01155489544	0,0109513972	0,01043214008	0,009902943668	0,009445037383	0,009024382578
КП42	добыча_нефти_массовая	тыс.т/год	0,01196916701	0,01119327922	0,01053577877	0,009894108523	0,00934530356	0,008850725638	0,008426335619	0,007995542816	0,007584242649	0,006961179208	0,006212065844	0,005493868917	0,00487262462	0,004089623047	0,002344370039	0,0008482953755	0,0003404305702	0	0	0	0	0
КП42	добыча_жидкости_массовая	тыс.т/год	0,01613825938	0,01506004854	0,01414618938	0,01325798816	0,01249824182	0,01181445243	0,01122734909	0,0106343587	0,01012209213	0,009653182335	0,009248190776	0,008825661847	0,008458951599	0,007688948186	0,00471151778	0,001788366534	0,0007600144182	0	0	0	0	0
КП42	добыча_газа_объемная	млн.м3/год	0,01426202133	0,01339500254	0,01264572537	0,0119087281	0,0112776938	0,01070728454	0,01021771087	0,00971687564	0,009236361088	0,008494015381	0,007593345463	0,006726027491	0,005973759037	0,005020040542	0,002880396761	0,001042887831	0,0004187983655	0	0	0	0	0
КП42	закачка_воды_объемная	тыс.м3/год	0,01613825938	0,01506004854	0,01414618938	0,01325798816	0,01249824182	0,01181445243	0,01122734909	0,0106343587	0,01012209213	0,009653182335	0,009248190776	0,008825661847	0,008458951599	0,007688948186	0,00471151778	0,001788366534	0,0007600144182	0	0	0	0	0
КП43	добыча_нефти_массовая	тыс.т/год	0,03336099334	0,03162941075	0,03014245502	0,02850878009	0,02654235887	0,02412797781	0,02154638929	0,01905534187	0,01690057214	0,01498946282	0,01333254784	0,01179112908	0,01045779335	0,009275230645	0,007405614172	0,005858725272	0,002692080626	0,00002291212801	0	0	0	0
КП43	добыча_жидкости_массовая	тыс.т/год	0,04457880527	0,04218609337	0,04013006145	0,03804585553	0,03624423341	0,03459271232	0,03316589939	0,03167247723	0,03037603395	0,02917340991	0,02813303344	0,02701263393	0,02603889187	0,02512743806	0,02152544819	0,01836492302	0,008971919534	0,00008099441225	0	0	0	0
КП43	добыча_газа_объемная	млн.м3/год	0,04030342822	0,03830394264	0,03658671007	0,03467851667	0,03235086165	0,0294620711	0,02635395205	0,0233420947	0,02073008811	0,0184075768	0,01638988094	0,01450839832	0,01287832732	0,01143033673	0,009131315136	0,007227700915	0,003322401563	0,00002828654941	0	0	0	0
КП43	закачка_воды_объемная	тыс.м3/год	0,04457880527	0,04218609337	0,04013006145	0,03804585553	0,03624423341	0,03459271232	0,03316589939	0,03167247723	0,03037603395	0,02917340991	0,02813303344	0,02701263393	0,02603889187	0,02512743806	0,02152544819	0,01836492302	0,008971919534	0,00008099441225	0	0	0	0
КП44	добыча_нефти_массовая	тыс.т/год	0,04709392771	0,04267556277	0,03908569846	0,03583387114	0,0331353241	0,03079367505	0,02882441732	0,02693491128	0,02532793045	0,02389133618	0,02266307494	0,0214330288	0,02037391212	0,01931204001	0,01800079973	0,01625650132	0,01444550878	0,01281201695	0,0113957939	0,01007828949	0,008929738292	0,00743657633
КП44	добыча_жидкости_массовая	тыс.т/год	0,06430041807	0,05812852674	0,05311283819	0,04858057651	0,04481993824	0,04156023208	0,03881868821	0,03619800408	0,03396917965	0,03197923279	0,03027713032	0,02858052819	0,02711915222	0,02578885393	0,02464173956	0,02345838156	0,02243266439	0,02148606235	0,0206673467	0,01979709862	0,01901938398	0,0170917179
КП44	добыча_газа_объемная	млн.м3/год	0,0526178636	0,04840148473	0,04492831404	0,04169337381	0,03897841819	0,03654854476	0,03442266813	0,03228634235	0,03044753238	0,02879815212	0,02738706045	0,02596291783	0,02473610676	0,02349711541	0,02194500779	0,01985467788	0,01767218704	0,01569698648	0,01398011718	0,01237817958	0,01097877383	0,009150761647
КП44	закачка_воды_объемная	тыс.м3/год	0,06430041807	0,05812852674	0,05311283819	0,04858057651	0,04481993824	0,04156023208	0,03881868821	0,03619800408	0,03396917965	0,03197923279	0,03027713032	0,02858052819	0,02711915222	0,02578885393	0,02464173956	0,02345838156	0,02243266439	0,02148606235	0,0206673467	0,01979709862	0,01901938398	0,0170917179
КП45	добыча_нефти_массовая	тыс.т/год	0,02615487699	0,02447352744	0,02233569708	0,01981273785	0,01757232211	0,0155852516	0,01386247894	0,01225979313	0,01087346108	0,009643894846	0,008577871735	0,007343123928	0,005535700258	0,003825128229	0,002006262009	0,0002732183861	0	0	0	0	0	0
КП45	добыча_жидкости_массовая	тыс.т/год	0,03482370408	0,03316801558	0,03173899226	0,03025574323	0,02896913913	0,02777912322	0,0267496921	0,02564945408	0,02469329609	0,02380031803	0,02302838632	0,02139064266	0,01732956514	0,01275405375	0,007130393128	0,001009717374	0	0	0	0	0	0
КП45	добыча_газа_объемная	млн.м3/год	0,0318083552	0,0298237683	0,0272692424	0,02423025705	0,02152288437	0,01911470979	0,01702198958	0,01506989595	0,01337827113	0,01187527324	0,01057032871	0,009054438683	0,006829169625	0,004720779666	0,002476914614	0,0003373826564	0	0	0	0	0	0
КП45	закачка_воды_объемная	тыс.м3/год	0,03482370408	0,03316801558	0,03173899226	0,03025574323	0,02896913913	0,02777912322	0,0267496921	0,02564945408	0,02469329609	0,02380031803	0,02302838632	0,02139064266	0,01732956514	0,01275405375	0,007130393128	0,001009717374	0	0	0	0	0	0
КП46	добыча_нефти_массовая	тыс.т/год	0,03608492612	0,03173240867	0,02835027162	0,02545258488	0,02311880895	0,02115562332	0,01953765019	0,01804103985	0,01678670767	0,01568602519	0,01475415782	0,01384675689	0,0130712162	0,01237302995	0,01177418888	0,0111674107	0,01060468778	0,009816977976	0,008799858783	0,007782478786	0,006902439483	0,005974987797
КП46	добыча_жидкости_массовая	тыс.т/год	0,04958172242	0,04350500448	0,03877737593	0,03473083498	0,03147111182	0,02873082369	0,02647224105	0,02438919733	0,02264361145	0,02111367459	0,0198181758	0,0185618011	0,01748789106	0,01652234742	0,01569371221	0,01485824439	0,0141367665	0,01347682955	0,01290695633	0,01231330954	0,01179816399	0,01102587887
КП46	добыча_газа_объемная	млн.м3/год	0,0381651649	0,03438244281	0,03129691263	0,02855951531	0,02631905833	0,02439935516	0,02280010189	0,02128069584	0,01997360622	0,01875877039	0,01769864886	0,01665716802	0,01576599299	0,0149612391	0,01427079644	0,01356574975	0,01290949701	0,01197408084	0,01075281388	0,009524997638	0,008459977191	0,007332290454
КП46	закачка_воды_объемная	тыс.м3/год	0,04958172242	0,04350500448	0,03877737593	0,03473083498	0,03147111182	0,02873082369	0,02647224105	0,02438919733	0,02264361145	0,02111367459	0,0198181758	0,0185618011	0,01748789106	0,01652234742	0,01569371221	0,01485824439	0,0141367665	0,01347682955	0,01290695633	0,01231330954	0,01179816399	0,01102587887
КП47	добыча_нефти_массовая	тыс.т/год	0,01952087685	0,01731346462	0,01539965763	0,01361925364	0,01207919439	0,01071328436	0,009529052379	0,008427367964	0,007238558994	0,005814624122	0,004313990109	0,0006536444775	0	0	0	0	0	0	0	0	0	0
КП47	добыча_жидкости_массовая	тыс.т/год	0,02884642089	0,02760074225	0,02652356755	0,02538389643	0,02439380428	0,0234720564	0,02267482034	0,02180783033	0,02034498373	0,01771973042	0,01425161076	0,002310741381	0	0	0	0	0	0	0	0	0	0
КП47	добыча_газа_объемная	млн.м3/год	0,02385725424	0,02119319215	0,01887708873	0,01671552775	0,01484174955	0,0131763567	0,01173003097	0,01038187914	0,008923297516	0,007172064743	0,005323791072	0,0008069560683	0	0	0	0	0	0	0	0	0	0
КП47	закачка_воды_объемная	тыс.м3/год	0,02884642089	0,02760074225	0,02652356755	0,02538389643	0,02439380428	0,0234720564	0,02267482034	0,02180783033	0,02034498373	0,01771973042	0,01425161076	0,002310741381	0	0	0	0	0	0	0	0	0	0
КП48	добыча_нефти_массовая	тыс.т/год	0,02418549541	0,02145395411	0,019082463	0,01687627803	0,01496791588	0,01327535049	0,01180791118	0,01044276056	0,009261897757	0,008214566403	0,006452872899	0,003886341268	0,001575036685	0,00009761761663	0	0	0	0	0	0	0	0
КП48	добыча_жидкости_массовая	тыс.т/год	0,03543897212	0,03390225941	0,03257349932	0,03116882483	0,02994857132	0,02881286117	0,02783054251	0,02676308806	0,02583544432	0,02496490242	0,02121337155	0,01373392339	0,005832233097	0,0003786149657	0	0	0	0	0	0	0	0
КП48	добыча_газа_объемная	млн.м3/год	0,0295517958	0,02625656347	0,02338761172	0,02070995898	0,01838872295	0,0163255679	0,01453375539	0,01286351758	0,01141681842	0,01013202535	0,007963070947	0,004797840917	0,001944937567	0,0001205706463	0	0	0	0	0	0	0	0
КП48	закачка_воды_объемная	тыс.м3/год	0,03543897212	0,03390225941	0,03257349932	0,03116882483	0,02994857132	0,02881286117	0,02783054251	0,02676308806	0,02583544432	0,02496490242	0,02121337155	0,01373392339	0,005832233097	0,0003786149657	0	0	0	0	0	0	0	0
КП49	добыча_нефти_массовая	тыс.т/год	0,008194379154	0,007267762338	0,006464393705	0,005717024343	0,005070545727	0,00449717063	0,003683929024	0,003080522597	0,001706616342	0,0005845337864	0	0	0	0	0	0	0	0	0	0	0	0
КП49	добыча_жидкости_массовая	тыс.т/год	0,01249934093	0,01196761081	0,0115077227	0,01101967112	0,0105956088	0,01020043158	0,009067742726	0,00826139589	0,004931544429	0,001810448927	0	0	0	0	0	0	0	0	0	0	0	0
КП49	добыча_газа_объемная	млн.м3/год	0,0100220717	0,008902188004	0,007928718793	0,007020359927	0,006233026966	0,005533332747	0,004536388356	0,003796172983	0,002104289798	0,0007210842285	0	0	0	0	0	0	0	0	0	0	0	0
КП49	закачка_воды_объемная	тыс.м3/год	0,01249934093	0,01196761081	0,0115077227	0,01101967112	0,0105956088	0,01020043158	0,009067742726	0,00826139589	0,004931544429	0,001810448927	0	0	0	0	0	0	0	0	0	0	0	0
КП50	добыча_нефти_массовая	тыс.т/год	0,0167679269	0,01569268412	0,01478073344	0,01388886054	0,01312558087	0,01243705355	0,01184600447	0,01124500304	0,01062657983	0,00967830656	0,008616802508	0,007620586237	0,006758853673	0,005994565451	0,005330491437	0,004221831453	0,002843780132	0,002434909767	0,001609012674	0,00002303305989	0	0
КП50	добыча_жидкости_массовая	тыс.т/год	0,02259911904	0,02110526621	0,01983802849	0,01860382718	0,01754743429	0,01659573488	0,01577826041	0,01495119792	0,01423649081	0,01358182819	0,01301631137	0,01242544334	0,01191256473	0,01143708223	0,01102242271	0,009401077648	0,006802691431	0,006329727224	0,004484731445	0,0000684357565	0	0
КП50	добыча_газа_объемная	млн.м3/год	0,02000274635	0,01879061209	0,01775060592	0,01672556294	0,01584738981	0,01505284302	0,01437065975	0,0136715763	0,01294643156	0,01181366572	0,01053616461	0,009332372534	0,008288329953	0,007359945102	0,006551590514	0,005193458834	0,003500854561	0,002999778961	0,001983408806	0,00002840592134	0	0
КП50	закачка_воды_объемная	тыс.м3/год	0,02259911904	0,02110526621	0,01983802849	0,01860382718	0,01754743429	0,01659573488	0,01577826041	0,01495119792	0,01423649081	0,01358182819	0,01301631137	0,01242544334	0,01191256473	0,01143708223	0,01102242271	0,009401077648	0,006802691431	0,006329727224	0,004484731445	0,0000684357565	0	0